-5
-5
-5
-5
-5
-5
-5
-5
-5
-5
-4.95
-4.9
-4.85
-4.8
-4.75
-4.7
-4.65
-4.6
-4.55
-4.5
-4.45
-4.4
-4.35
-4.3
-4.25
-4.2
-4.15
-4.1
-4.05
-4
-3.9
-3.8
-3.7
-3.6
-3.5
-3.4
-3.3
-3.2
-3.1
-3
-2.9
-2.8
-2.7
-2.6
-2.5
-2.4
-2.3
-2.2
-2.1
-2
-1.8
-1.6
-1.4
-1.2
-1
-0.8
-0.6
-0.4
-0.2
0
0.2
0.4
0.6
0.8
1
1.2
1.4
1.6
1.8
2
2.2
2.4
2.6
2.8
3
3.2
3.4
3.6
3.8
4
4.1
4.2
4.3
4.4
4.5
4.6
4.7
4.8
4.9
5
5.05
5.1
5.15
5.2
5.25
5.3
5.35
5.4
5.45
5.5
5.5
5.5
5.5
5.5
5.5
5.5
5.5
5.5
5.5
5.5
